\section{Case 3: 5 identical sector elements (18 degrees)}
\subsection{Element stiffness matrices}
Element 1 (nodes 0, 1, 2):
\mathbf{k^1} = \begin{bmatrix}
0.1584 & -0.0792 & -0.0792 \\
-0.0792 & 1.6180 & -1.5388 \\
-0.0792 & -1.5388 & 1.6180
\end{bmatrix}
Element 2 (nodes 0, 2, 3):
\mathbf{k^2} = \begin{bmatrix}
0.1584 & -0.0792 & -0.0792 \\
-0.0792 & 1.6180 & -1.5388 \\
-0.0792 & -1.5388 & 1.6180
\end{bmatrix}
Element 3 (nodes 0, 3, 4):
\mathbf{k^3} = \begin{bmatrix}
0.1584 & -0.0792 & -0.0792 \\
-0.0792 & 1.6180 & -1.5388 \\
-0.0792 & -1.5388 & 1.6180
\end{bmatrix}
Element 4 (nodes 0, 4, 5):
\mathbf{k^4} = \begin{bmatrix}
0.1584 & -0.0792 & -0.0792 \\
-0.0792 & 1.6180 & -1.5388 \\
-0.0792 & -1.5388 & 1.6180
\end{bmatrix}
Element 5 (nodes 0, 5, 6):
\mathbf{k^5} = \begin{bmatrix}
0.1584 & -0.0792 & -0.0792 \\
-0.0792 & 1.6180 & -1.5388 \\
-0.0792 & -1.5388 & 1.6180
\end{bmatrix}
\subsection{Global stiffness matrix}
\mathbf{K} = \begin{bmatrix}
0.7919 & -0.0792 & -0.1584 & -0.1584 & -0.1584 & -0.1584 & -0.0792 \\
-0.0792 & 1.6180 & -1.5388 & 0.0000 & 0.0000 & 0.0000 & 0.0000 \\
-0.1584 & -1.5388 & 3.2361 & -1.5388 & 0.0000 & 0.0000 & 0.0000 \\
-0.1584 & 0.0000 & -1.5388 & 3.2361 & -1.5388 & 0.0000 & 0.0000 \\
-0.1584 & 0.0000 & 0.0000 & -1.5388 & 3.2361 & -1.5388 & 0.0000 \\
-0.1584 & 0.0000 & 0.0000 & 0.0000 & -1.5388 & 3.2361 & -1.5388 \\
-0.0792 & 0.0000 & 0.0000 & 0.0000 & 0.0000 & -1.5388 & 1.6180
\end{bmatrix}
\subsection{Force vector}
\mathbf{F} = \begin{bmatrix}
2.5751 \\
0.5150 \\
1.0301 \\
1.0301 \\
1.0301 \\
1.0301 \\
0.5150
\end{bmatrix}
\subsection{Global matrix after boundary conditions}
\mathbf{K_{boundary}} = \begin{bmatrix}
0.7919 & 0.0000 & 0.0000 & 0.0000 & 0.0000 & 0.0000 & 0.0000 \\
0.0000 & 1.0000 & 0.0000 & 0.0000 & 0.0000 & 0.0000 & 0.0000 \\
0.0000 & 0.0000 & 1.0000 & 0.0000 & 0.0000 & 0.0000 & 0.0000 \\
0.0000 & 0.0000 & 0.0000 & 1.0000 & 0.0000 & 0.0000 & 0.0000 \\
0.0000 & 0.0000 & 0.0000 & 0.0000 & 1.0000 & 0.0000 & 0.0000 \\
0.0000 & 0.0000 & 0.0000 & 0.0000 & 0.0000 & 1.0000 & 0.0000 \\
0.0000 & 0.0000 & 0.0000 & 0.0000 & 0.0000 & 0.0000 & 1.0000
\end{bmatrix}
\subsection{Force vector after boundary conditions}
\mathbf{F_{boundary}} = \begin{bmatrix}
2.5751 \\
0.0000 \\
0.0000 \\
0.0000 \\
0.0000 \\
0.0000 \\
0.0000
\end{bmatrix}
\subsection{Nodal displacement solution}
\begin{tabular}{|c|c|c|c|c|}
\hline
Node & x & y & FEM solution & Exact solution \\
\hline
0 & 0.0000 & 0.0000 & 3.251761 & 2.500000 \\
1 & 1.0000 & 0.0000 & 0.000000 & 0.000000 \\
2 & 0.9511 & 0.3090 & 0.000000 & 0.000000 \\
3 & 0.8090 & 0.5878 & 0.000000 & 0.000000 \\
4 & 0.5878 & 0.8090 & 0.000000 & 0.000000 \\
5 & 0.3090 & 0.9511 & 0.000000 & 0.000000 \\
6 & 0.0000 & 1.0000 & 0.000000 & 0.000000 \\
\hline
\end{tabular}